181 110 165 62 142 108 104 233 44 157 0
15012 16050 5956 15484 14287 9839 0
1249 2877 635 3892 3712 0
13872 7514 7950 8810 11686 6025 9287 10603 3212 2235 7271 0
8337 13357 643 3902 12872 10878 14236 5078 4457 253 0
1406 1836 1768 783 1313 1411 10 1097 1177 1408 494 170 1311 108 1866 0
3547 463 3674 160 611 0
747 3672 3262 1042 3614 2714 2393 1962 2788 1554 3532 3446 0
132 238 100 205 206 2 57 46 207 78 125 109 66 135 25 0
55 101 106 226 54 252 224 0
1826 3635 3789 1180 1970 2507 1771 2266 2793 2739 0
4726 6482 1619 6964 2186 473 3127 4729 3957 750 0
248 115 528 283 707 377 0
